DATE 20-Mar-2025
TIME 10:21:20
T1SN   240308T96344H2  24-APR-2024   (Coeff date)
T2SN   19195  29-FEB-2024   (Coeff date)
T3SN   240308T96344H1  24-APR-2024   (Coeff date)
T4SN   18250500034752  25-JAN-2024   (Coeff date)
T5SN   240308T96383S1  13-FEB-2024   (Coeff date)
CAL Ver: 1.2
Calibration Type: HUMIDITY
#Inst Rawd      sd     Value    STD     STD_SD    Diff    STD#2   Serial
TIME 10:21:20  DATE 20-Mar-2025
TP1M    0.15081  0.000  14.8004  0.00000  0.000000 -14.8004  0.00000 SN240308T96344H2
TP2M    0.12600  0.000  13.5686  0.00000  0.000000 -13.5686  0.00000 SN19195
TP3M    0.15303  0.000  15.1340  0.00000  0.000000 -15.1340  0.00000 SN240308T96344H1
TP4M    0.15560  0.000  13.3843  0.00000  0.000000 -13.3843  0.00000 SN18250500034752
TP5M    0.15838  0.000  15.5601  0.00000  0.000000 -15.5601  0.00000 SN240308T96383S1
TIME 10:21:40  DATE 20-Mar-2025
TP1M    0.15028  0.000  14.7483  0.00000  0.000000 -14.7483  0.00000 SN240308T96344H2
TP2M    0.12564  0.000  13.5302  0.00000  0.000000 -13.5302  0.00000 SN19195
TP3M    0.15261  0.000  15.0923  0.00000  0.000000 -15.0923  0.00000 SN240308T96344H1
TP4M    0.15524  0.000  13.3469  0.00000  0.000000 -13.3469  0.00000 SN18250500034752
TP5M    0.15787  0.000  15.5087  0.00000  0.000000 -15.5087  0.00000 SN240308T96383S1
TIME 10:22:00  DATE 20-Mar-2025
TP1M    0.14980  0.000  14.6995  0.00000  0.000000 -14.6995  0.00000 SN240308T96344H2
TP2M    0.12513  0.000  13.4758  0.00000  0.000000 -13.4758  0.00000 SN19195
TP3M    0.15207  0.000  15.0378  0.00000  0.000000 -15.0378  0.00000 SN240308T96344H1
TP4M    0.15502  0.000  13.3226  0.00000  0.000000 -13.3226  0.00000 SN18250500034752
TP5M    0.15740  0.000  15.4620  0.00000  0.000000 -15.4620  0.00000 SN240308T96383S1
TIME 10:22:20  DATE 20-Mar-2025
TP1M    0.14938  0.000  14.6572  0.00000  0.000000 -14.6572  0.00000 SN240308T96344H2
TP2M    0.12471  0.000  13.4313  0.00000  0.000000 -13.4313  0.00000 SN19195
TP3M    0.15172  0.000  15.0023  0.00000  0.000000 -15.0023  0.00000 SN240308T96344H1
TP4M    0.15489  0.000  13.3088  0.00000  0.000000 -13.3088  0.00000 SN18250500034752
TP5M    0.15699  0.000  15.4202  0.00000  0.000000 -15.4202  0.00000 SN240308T96383S1
TIME 10:22:40  DATE 20-Mar-2025
TP1M    0.14906  0.000  14.6253  0.00000  0.000000 -14.6253  0.00000 SN240308T96344H2
TP2M    0.12432  0.000  13.3905  0.00000  0.000000 -13.3905  0.00000 SN19195
TP3M    0.15122  0.000  14.9519  0.00000  0.000000 -14.9519  0.00000 SN240308T96344H1
TP4M    0.15446  0.000  13.2634  0.00000  0.000000 -13.2634  0.00000 SN18250500034752
TP5M    0.15659  0.000  15.3804  0.00000  0.000000 -15.3804  0.00000 SN240308T96383S1
TIME 10:23:00  DATE 20-Mar-2025
TP1M    0.14864  0.000  14.5831  0.00000  0.000000 -14.5831  0.00000 SN240308T96344H2
TP2M    0.12400  0.000  13.3566  0.00000  0.000000 -13.3566  0.00000 SN19195
TP3M    0.15076  0.000  14.9058  0.00000  0.000000 -14.9058  0.00000 SN240308T96344H1
TP4M    0.15405  0.000  13.2204  0.00000  0.000000 -13.2204  0.00000 SN18250500034752
TP5M    0.15619  0.000  15.3402  0.00000  0.000000 -15.3402  0.00000 SN240308T96383S1
TIME 10:23:20  DATE 20-Mar-2025
TP1M    0.14820  0.000  14.5393  0.00000  0.000000 -14.5393  0.00000 SN240308T96344H2
TP2M    0.12361  0.000  13.3151  0.00000  0.000000 -13.3151  0.00000 SN19195
TP3M    0.15039  0.000  14.8680  0.00000  0.000000 -14.8680  0.00000 SN240308T96344H1
TP4M    0.15353  0.000  13.1651  0.00000  0.000000 -13.1651  0.00000 SN18250500034752
TP5M    0.15572  0.000  15.2930  0.00000  0.000000 -15.2930  0.00000 SN240308T96383S1
TIME 10:23:40  DATE 20-Mar-2025
TP1M    0.14773  0.000  14.4925  0.00000  0.000000 -14.4925  0.00000 SN240308T96344H2
TP2M    0.12319  0.000  13.2712  0.00000  0.000000 -13.2712  0.00000 SN19195
TP3M    0.14995  0.000  14.8236  0.00000  0.000000 -14.8236  0.00000 SN240308T96344H1
TP4M    0.15317  0.000  13.1267  0.00000  0.000000 -13.1267  0.00000 SN18250500034752
TP5M    0.15532  0.000  15.2527  0.00000  0.000000 -15.2527  0.00000 SN240308T96383S1
TIME 10:24:00  DATE 20-Mar-2025
TP1M    0.14732  0.000  14.4509  0.00000  0.000000 -14.4509  0.00000 SN240308T96344H2
TP2M    0.12288  0.000  13.2376  0.00000  0.000000 -13.2376  0.00000 SN19195
TP3M    0.14958  0.000  14.7858  0.00000  0.000000 -14.7858  0.00000 SN240308T96344H1
TP4M    0.15291  0.000  13.0986  0.00000  0.000000 -13.0986  0.00000 SN18250500034752
TP5M    0.15489  0.000  15.2103  0.00000  0.000000 -15.2103  0.00000 SN240308T96383S1
TIME 10:24:20  DATE 20-Mar-2025
TP1M    0.14690  0.000  14.4091  0.00000  0.000000 -14.4091  0.00000 SN240308T96344H2
TP2M    0.12248  0.000  13.1958  0.00000  0.000000 -13.1958  0.00000 SN19195
TP3M    0.14917  0.000  14.7451  0.00000  0.000000 -14.7451  0.00000 SN240308T96344H1
TP4M    0.15271  0.000  13.0784  0.00000  0.000000 -13.0784  0.00000 SN18250500034752
TP5M    0.15449  0.000  15.1705  0.00000  0.000000 -15.1705  0.00000 SN240308T96383S1
TIME 10:24:40  DATE 20-Mar-2025
TP1M    0.14659  0.000  14.3779  0.00000  0.000000 -14.3779  0.00000 SN240308T96344H2
TP2M    0.12221  0.000  13.1675  0.00000  0.000000 -13.1675  0.00000 SN19195
TP3M    0.14875  0.000  14.7023  0.00000  0.000000 -14.7023  0.00000 SN240308T96344H1
TP4M    0.15252  0.000  13.0576  0.00000  0.000000 -13.0576  0.00000 SN18250500034752
TP5M    0.15416  0.000  15.1366  0.00000  0.000000 -15.1366  0.00000 SN240308T96383S1
TIME 10:25:00  DATE 20-Mar-2025
TP1M    0.14622  0.000  14.3406  0.00000  0.000000 -14.3406  0.00000 SN240308T96344H2
TP2M    0.12193  0.000  13.1368  0.00000  0.000000 -13.1368  0.00000 SN19195
TP3M    0.14838  0.000  14.6649  0.00000  0.000000 -14.6649  0.00000 SN240308T96344H1
TP4M    0.15209  0.000  13.0123  0.00000  0.000000 -13.0123  0.00000 SN18250500034752
TP5M    0.15377  0.000  15.0983  0.00000  0.000000 -15.0983  0.00000 SN240308T96383S1
TIME 10:25:20  DATE 20-Mar-2025
TP1M    0.14592  0.000  14.3104  0.00000  0.000000 -14.3104  0.00000 SN240308T96344H2
TP2M    0.12159  0.000  13.1009  0.00000  0.000000 -13.1009  0.00000 SN19195
TP3M    0.14799  0.000  14.6263  0.00000  0.000000 -14.6263  0.00000 SN240308T96344H1
TP4M    0.15157  0.000  12.9568  0.00000  0.000000 -12.9568  0.00000 SN18250500034752
TP5M    0.15343  0.000  15.0640  0.00000  0.000000 -15.0640  0.00000 SN240308T96383S1
TIME 10:25:40  DATE 20-Mar-2025
TP1M    0.14560  0.000  14.2786  0.00000  0.000000 -14.2786  0.00000 SN240308T96344H2
TP2M    0.12128  0.000  13.0683  0.00000  0.000000 -13.0683  0.00000 SN19195
TP3M    0.14771  0.000  14.5979  0.00000  0.000000 -14.5979  0.00000 SN240308T96344H1
TP4M    0.15133  0.000  12.9311  0.00000  0.000000 -12.9311  0.00000 SN18250500034752
TP5M    0.15307  0.000  15.0274  0.00000  0.000000 -15.0274  0.00000 SN240308T96383S1
TIME 10:26:00  DATE 20-Mar-2025
TP1M    0.14517  0.000  14.2353  0.00000  0.000000 -14.2353  0.00000 SN240308T96344H2
TP2M    0.12085  0.000  13.0233  0.00000  0.000000 -13.0233  0.00000 SN19195
TP3M    0.14730  0.000  14.5568  0.00000  0.000000 -14.5568  0.00000 SN240308T96344H1
TP4M    0.15120  0.000  12.9173  0.00000  0.000000 -12.9173  0.00000 SN18250500034752
TP5M    0.15266  0.000  14.9868  0.00000  0.000000 -14.9868  0.00000 SN240308T96383S1
TIME 10:26:20  DATE 20-Mar-2025
TP1M    0.14478  0.000  14.1959  0.00000  0.000000 -14.1959  0.00000 SN240308T96344H2
TP2M    0.12053  0.000  12.9890  0.00000  0.000000 -12.9890  0.00000 SN19195
TP3M    0.14686  0.000  14.5123  0.00000  0.000000 -14.5123  0.00000 SN240308T96344H1
TP4M    0.15106  0.000  12.9027  0.00000  0.000000 -12.9027  0.00000 SN18250500034752
TP5M    0.15232  0.000  14.9525  0.00000  0.000000 -14.9525  0.00000 SN240308T96383S1
TIME 10:26:40  DATE 20-Mar-2025
TP1M    0.14441  0.000  14.1596  0.00000  0.000000 -14.1596  0.00000 SN240308T96344H2
TP2M    0.12018  0.000  12.9521  0.00000  0.000000 -12.9521  0.00000 SN19195
TP3M    0.14642  0.000  14.4674  0.00000  0.000000 -14.4674  0.00000 SN240308T96344H1
TP4M    0.15072  0.000  12.8668  0.00000  0.000000 -12.8668  0.00000 SN18250500034752
TP5M    0.15196  0.000  14.9164  0.00000  0.000000 -14.9164  0.00000 SN240308T96383S1
TIME 10:27:01  DATE 20-Mar-2025
TP1M    0.14399  0.000  14.1173  0.00000  0.000000 -14.1173  0.00000 SN240308T96344H2
TP2M    0.11985  0.000  12.9168  0.00000  0.000000 -12.9168  0.00000 SN19195
TP3M    0.14607  0.000  14.4328  0.00000  0.000000 -14.4328  0.00000 SN240308T96344H1
TP4M    0.15020  0.000  12.8116  0.00000  0.000000 -12.8116  0.00000 SN18250500034752
TP5M    0.15163  0.000  14.8828  0.00000  0.000000 -14.8828  0.00000 SN240308T96383S1
TIME 10:27:20  DATE 20-Mar-2025
TP1M    0.14362  0.000  14.0795  0.00000  0.000000 -14.0795  0.00000 SN240308T96344H2
TP2M    0.11951  0.000  12.8808  0.00000  0.000000 -12.8808  0.00000 SN19195
TP3M    0.14571  0.000  14.3959  0.00000  0.000000 -14.3959  0.00000 SN240308T96344H1
TP4M    0.14980  0.000  12.7691  0.00000  0.000000 -12.7691  0.00000 SN18250500034752
TP5M    0.15125  0.000  14.8452  0.00000  0.000000 -14.8452  0.00000 SN240308T96383S1
TIME 10:27:40  DATE 20-Mar-2025
TP1M    0.14325  0.000  14.0429  0.00000  0.000000 -14.0429  0.00000 SN240308T96344H2
TP2M    0.11909  0.000  12.8366  0.00000  0.000000 -12.8366  0.00000 SN19195
TP3M    0.14537  0.000  14.3615  0.00000  0.000000 -14.3615  0.00000 SN240308T96344H1
TP4M    0.14947  0.000  12.7343  0.00000  0.000000 -12.7343  0.00000 SN18250500034752
TP5M    0.15087  0.000  14.8066  0.00000  0.000000 -14.8066  0.00000 SN240308T96383S1
TIME 10:28:00  DATE 20-Mar-2025
TP1M    0.14290  0.000  14.0076  0.00000  0.000000 -14.0076  0.00000 SN240308T96344H2
TP2M    0.11881  0.000  12.8068  0.00000  0.000000 -12.8068  0.00000 SN19195
TP3M    0.14500  0.000  14.3240  0.00000  0.000000 -14.3240  0.00000 SN240308T96344H1
TP4M    0.14917  0.000  12.7028  0.00000  0.000000 -12.7028  0.00000 SN18250500034752
TP5M    0.15044  0.000  14.7638  0.00000  0.000000 -14.7638  0.00000 SN240308T96383S1
TIME 10:28:20  DATE 20-Mar-2025
TP1M    0.14255  0.000  13.9720  0.00000  0.000000 -13.9720  0.00000 SN240308T96344H2
TP2M    0.11846  0.000  12.7699  0.00000  0.000000 -12.7699  0.00000 SN19195
TP3M    0.14467  0.000  14.2907  0.00000  0.000000 -14.2907  0.00000 SN240308T96344H1
TP4M    0.14913  0.000  12.6979  0.00000  0.000000 -12.6979  0.00000 SN18250500034752
TP5M    0.15007  0.000  14.7267  0.00000  0.000000 -14.7267  0.00000 SN240308T96383S1
TIME 10:28:40  DATE 20-Mar-2025
TP1M    0.14218  0.000  13.9351  0.00000  0.000000 -13.9351  0.00000 SN240308T96344H2
TP2M    0.11811  0.000  12.7329  0.00000  0.000000 -12.7329  0.00000 SN19195
TP3M    0.14427  0.000  14.2507  0.00000  0.000000 -14.2507  0.00000 SN240308T96344H1
TP4M    0.14890  0.000  12.6731  0.00000  0.000000 -12.6731  0.00000 SN18250500034752
TP5M    0.14971  0.000  14.6910  0.00000  0.000000 -14.6910  0.00000 SN240308T96383S1
TIME 10:29:00  DATE 20-Mar-2025
TP1M    0.14188  0.000  13.9053  0.00000  0.000000 -13.9053  0.00000 SN240308T96344H2
TP2M    0.11783  0.000  12.7033  0.00000  0.000000 -12.7033  0.00000 SN19195
TP3M    0.14391  0.000  14.2141  0.00000  0.000000 -14.2141  0.00000 SN240308T96344H1
TP4M    0.14843  0.000  12.6236  0.00000  0.000000 -12.6236  0.00000 SN18250500034752
TP5M    0.14943  0.000  14.6625  0.00000  0.000000 -14.6625  0.00000 SN240308T96383S1
TIME 10:29:20  DATE 20-Mar-2025
TP1M    0.14159  0.000  13.8759  0.00000  0.000000 -13.8759  0.00000 SN240308T96344H2
TP2M    0.11753  0.000  12.6715  0.00000  0.000000 -12.6715  0.00000 SN19195
TP3M    0.14358  0.000  14.1809  0.00000  0.000000 -14.1809  0.00000 SN240308T96344H1
TP4M    0.14794  0.000  12.5718  0.00000  0.000000 -12.5718  0.00000 SN18250500034752
TP5M    0.14916  0.000  14.6358  0.00000  0.000000 -14.6358  0.00000 SN240308T96383S1
TIME 10:29:40  DATE 20-Mar-2025
TP1M    0.14128  0.000  13.8453  0.00000  0.000000 -13.8453  0.00000 SN240308T96344H2
TP2M    0.11716  0.000  12.6325  0.00000  0.000000 -12.6325  0.00000 SN19195
TP3M    0.14326  0.000  14.1490  0.00000  0.000000 -14.1490  0.00000 SN240308T96344H1
TP4M    0.14749  0.000  12.5239  0.00000  0.000000 -12.5239  0.00000 SN18250500034752
TP5M    0.14868  0.000  14.5868  0.00000  0.000000 -14.5868  0.00000 SN240308T96383S1
TIME 10:30:00  DATE 20-Mar-2025
TP1M    0.14097  0.000  13.8137  0.00000  0.000000 -13.8137  0.00000 SN240308T96344H2
TP2M    0.11688  0.000  12.6021  0.00000  0.000000 -12.6021  0.00000 SN19195
TP3M    0.14291  0.000  14.1135  0.00000  0.000000 -14.1135  0.00000 SN240308T96344H1
TP4M    0.14727  0.000  12.5002  0.00000  0.000000 -12.5002  0.00000 SN18250500034752
TP5M    0.14832  0.000  14.5517  0.00000  0.000000 -14.5517  0.00000 SN240308T96383S1
TIME 10:30:20  DATE 20-Mar-2025
TP1M    0.14052  0.000  13.7688  0.00000  0.000000 -13.7688  0.00000 SN240308T96344H2
TP2M    0.11658  0.000  12.5703  0.00000  0.000000 -12.5703  0.00000 SN19195
TP3M    0.14252  0.000  14.0743  0.00000  0.000000 -14.0743  0.00000 SN240308T96344H1
TP4M    0.14705  0.000  12.4772  0.00000  0.000000 -12.4772  0.00000 SN18250500034752
TP5M    0.14785  0.000  14.5037  0.00000  0.000000 -14.5037  0.00000 SN240308T96383S1
TIME 10:30:40  DATE 20-Mar-2025
TP1M    0.14018  0.000  13.7347  0.00000  0.000000 -13.7347  0.00000 SN240308T96344H2
TP2M    0.11636  0.000  12.5475  0.00000  0.000000 -12.5475  0.00000 SN19195
TP3M    0.14224  0.000  14.0461  0.00000  0.000000 -14.0461  0.00000 SN240308T96344H1
TP4M    0.14686  0.000  12.4577  0.00000  0.000000 -12.4577  0.00000 SN18250500034752
TP5M    0.14771  0.000  14.4905  0.00000  0.000000 -14.4905  0.00000 SN240308T96383S1
TIME 10:31:00  DATE 20-Mar-2025
TP1M    0.13985  0.000  13.7013  0.00000  0.000000 -13.7013  0.00000 SN240308T96344H2
TP2M    0.11600  0.000  12.5085  0.00000  0.000000 -12.5085  0.00000 SN19195
TP3M    0.14200  0.000  14.0214  0.00000  0.000000 -14.0214  0.00000 SN240308T96344H1
TP4M    0.14656  0.000  12.4254  0.00000  0.000000 -12.4254  0.00000 SN18250500034752
TP5M    0.14744  0.000  14.4626  0.00000  0.000000 -14.4626  0.00000 SN240308T96383S1
TIME 10:31:20  DATE 20-Mar-2025
TP1M    0.13963  0.000  13.6797  0.00000  0.000000 -13.6797  0.00000 SN240308T96344H2
TP2M    0.11571  0.000  12.4777  0.00000  0.000000 -12.4777  0.00000 SN19195
TP3M    0.14163  0.000  13.9849  0.00000  0.000000 -13.9849  0.00000 SN240308T96344H1
TP4M    0.14613  0.000  12.3801  0.00000  0.000000 -12.3801  0.00000 SN18250500034752
TP5M    0.14720  0.000  14.4391  0.00000  0.000000 -14.4391  0.00000 SN240308T96383S1
TIME 10:31:40  DATE 20-Mar-2025
TP1M    0.13917  0.000  13.6334  0.00000  0.000000 -13.6334  0.00000 SN240308T96344H2
TP2M    0.11544  0.000  12.4493  0.00000  0.000000 -12.4493  0.00000 SN19195
TP3M    0.14127  0.000  13.9478  0.00000  0.000000 -13.9478  0.00000 SN240308T96344H1
TP4M    0.14567  0.000  12.3306  0.00000  0.000000 -12.3306  0.00000 SN18250500034752
TP5M    0.14688  0.000  14.4068  0.00000  0.000000 -14.4068  0.00000 SN240308T96383S1
TIME 10:32:00  DATE 20-Mar-2025
TP1M    0.13891  0.000  13.6070  0.00000  0.000000 -13.6070  0.00000 SN240308T96344H2
TP2M    0.11512  0.000  12.4154  0.00000  0.000000 -12.4154  0.00000 SN19195
TP3M    0.14093  0.000  13.9136  0.00000  0.000000 -13.9136  0.00000 SN240308T96344H1
TP4M    0.14535  0.000  12.2970  0.00000  0.000000 -12.2970  0.00000 SN18250500034752
TP5M    0.14662  0.000  14.3812  0.00000  0.000000 -14.3812  0.00000 SN240308T96383S1
TIME 10:32:20  DATE 20-Mar-2025
TP1M    0.13860  0.000  13.5764  0.00000  0.000000 -13.5764  0.00000 SN240308T96344H2
TP2M    0.11484  0.000  12.3856  0.00000  0.000000 -12.3856  0.00000 SN19195
TP3M    0.14059  0.000  13.8797  0.00000  0.000000 -13.8797  0.00000 SN240308T96344H1
TP4M    0.14508  0.000  12.2687  0.00000  0.000000 -12.2687  0.00000 SN18250500034752
TP5M    0.14625  0.000  14.3436  0.00000  0.000000 -14.3436  0.00000 SN240308T96383S1
TIME 10:32:40  DATE 20-Mar-2025
TP1M    0.13838  0.000  13.5547  0.00000  0.000000 -13.5547  0.00000 SN240308T96344H2
TP2M    0.11448  0.000  12.3483  0.00000  0.000000 -12.3483  0.00000 SN19195
TP3M    0.14033  0.000  13.8529  0.00000  0.000000 -13.8529  0.00000 SN240308T96344H1
TP4M    0.14498  0.000  12.2574  0.00000  0.000000 -12.2574  0.00000 SN18250500034752
TP5M    0.14594  0.000  14.3129  0.00000  0.000000 -14.3129  0.00000 SN240308T96383S1
TIME 10:33:00  DATE 20-Mar-2025
TP1M    0.13795  0.000  13.5110  0.00000  0.000000 -13.5110  0.00000 SN240308T96344H2
TP2M    0.11418  0.000  12.3161  0.00000  0.000000 -12.3161  0.00000 SN19195
TP3M    0.13992  0.000  13.8118  0.00000  0.000000 -13.8118  0.00000 SN240308T96344H1
TP4M    0.14485  0.000  12.2443  0.00000  0.000000 -12.2443  0.00000 SN18250500034752
TP5M    0.14548  0.000  14.2661  0.00000  0.000000 -14.2661  0.00000 SN240308T96383S1
TIME 10:33:20  DATE 20-Mar-2025
TP1M    0.13754  0.000  13.4706  0.00000  0.000000 -13.4706  0.00000 SN240308T96344H2
TP2M    0.11387  0.000  12.2836  0.00000  0.000000 -12.2836  0.00000 SN19195
TP3M    0.13950  0.000  13.7692  0.00000  0.000000 -13.7692  0.00000 SN240308T96344H1
TP4M    0.14450  0.000  12.2068  0.00000  0.000000 -12.2068  0.00000 SN18250500034752
TP5M    0.14523  0.000  14.2415  0.00000  0.000000 -14.2415  0.00000 SN240308T96383S1
TIME 10:33:40  DATE 20-Mar-2025
TP1M    0.13727  0.000  13.4432  0.00000  0.000000 -13.4432  0.00000 SN240308T96344H2
TP2M    0.11365  0.000  12.2603  0.00000  0.000000 -12.2603  0.00000 SN19195
TP3M    0.13921  0.000  13.7406  0.00000  0.000000 -13.7406  0.00000 SN240308T96344H1
TP4M    0.14406  0.000  12.1600  0.00000  0.000000 -12.1600  0.00000 SN18250500034752
TP5M    0.14494  0.000  14.2119  0.00000  0.000000 -14.2119  0.00000 SN240308T96383S1
TIME 10:34:00  DATE 20-Mar-2025
TP1M    0.13698  0.000  13.4141  0.00000  0.000000 -13.4141  0.00000 SN240308T96344H2
TP2M    0.11343  0.000  12.2365  0.00000  0.000000 -12.2365  0.00000 SN19195
TP3M    0.13896  0.000  13.7151  0.00000  0.000000 -13.7151  0.00000 SN240308T96344H1
TP4M    0.14346  0.000  12.0966  0.00000  0.000000 -12.0966  0.00000 SN18250500034752
TP5M    0.14456  0.000  14.1740  0.00000  0.000000 -14.1740  0.00000 SN240308T96383S1
TIME 10:34:20  DATE 20-Mar-2025
TP1M    0.13667  0.000  13.3832  0.00000  0.000000 -13.3832  0.00000 SN240308T96344H2
TP2M    0.11315  0.000  12.2073  0.00000  0.000000 -12.2073  0.00000 SN19195
TP3M    0.13868  0.000  13.6872  0.00000  0.000000 -13.6872  0.00000 SN240308T96344H1
TP4M    0.14312  0.000  12.0602  0.00000  0.000000 -12.0602  0.00000 SN18250500034752
TP5M    0.14419  0.000  14.1374  0.00000  0.000000 -14.1374  0.00000 SN240308T96383S1
TIME 10:34:40  DATE 20-Mar-2025
TP1M    0.13628  0.000  13.3442  0.00000  0.000000 -13.3442  0.00000 SN240308T96344H2
TP2M    0.11284  0.000  12.1747  0.00000  0.000000 -12.1747  0.00000 SN19195
TP3M    0.13842  0.000  13.6601  0.00000  0.000000 -13.6601  0.00000 SN240308T96344H1
TP4M    0.14299  0.000  12.0466  0.00000  0.000000 -12.0466  0.00000 SN18250500034752
TP5M    0.14390  0.000  14.1081  0.00000  0.000000 -14.1081  0.00000 SN240308T96383S1
TIME 10:35:00  DATE 20-Mar-2025
TP1M    0.13600  0.000  13.3155  0.00000  0.000000 -13.3155  0.00000 SN240308T96344H2
TP2M    0.11259  0.000  12.1475  0.00000  0.000000 -12.1475  0.00000 SN19195
TP3M    0.13808  0.000  13.6265  0.00000  0.000000 -13.6265  0.00000 SN240308T96344H1
TP4M    0.14302  0.000  12.0500  0.00000  0.000000 -12.0500  0.00000 SN18250500034752
TP5M    0.14369  0.000  14.0865  0.00000  0.000000 -14.0865  0.00000 SN240308T96383S1
TIME 10:35:20  DATE 20-Mar-2025
TP1M    0.13571  0.000  13.2862  0.00000  0.000000 -13.2862  0.00000 SN240308T96344H2
TP2M    0.11235  0.000  12.1226  0.00000  0.000000 -12.1226  0.00000 SN19195
TP3M    0.13774  0.000  13.5919  0.00000  0.000000 -13.5919  0.00000 SN240308T96344H1
TP4M    0.14297  0.000  12.0448  0.00000  0.000000 -12.0448  0.00000 SN18250500034752
TP5M    0.14338  0.000  14.0560  0.00000  0.000000 -14.0560  0.00000 SN240308T96383S1
TIME 10:35:40  DATE 20-Mar-2025
TP1M    0.13548  0.000  13.2637  0.00000  0.000000 -13.2637  0.00000 SN240308T96344H2
TP2M    0.11212  0.000  12.0975  0.00000  0.000000 -12.0975  0.00000 SN19195
TP3M    0.13740  0.000  13.5576  0.00000  0.000000 -13.5576  0.00000 SN240308T96344H1
TP4M    0.14264  0.000  12.0100  0.00000  0.000000 -12.0100  0.00000 SN18250500034752
TP5M    0.14323  0.000  14.0406  0.00000  0.000000 -14.0406  0.00000 SN240308T96383S1
TIME 10:36:00  DATE 20-Mar-2025
TP1M    0.13514  0.000  13.2289  0.00000  0.000000 -13.2289  0.00000 SN240308T96344H2
TP2M    0.11174  0.000  12.0572  0.00000  0.000000 -12.0572  0.00000 SN19195
TP3M    0.13716  0.000  13.5332  0.00000  0.000000 -13.5332  0.00000 SN240308T96344H1
TP4M    0.14216  0.000  11.9585  0.00000  0.000000 -11.9585  0.00000 SN18250500034752
TP5M    0.14295  0.000  14.0125  0.00000  0.000000 -14.0125  0.00000 SN240308T96383S1
TIME 10:36:21  DATE 20-Mar-2025
TP1M    0.13488  0.000  13.2030  0.00000  0.000000 -13.2030  0.00000 SN240308T96344H2
TP2M    0.11142  0.000  12.0231  0.00000  0.000000 -12.0231  0.00000 SN19195
TP3M    0.13685  0.000  13.5024  0.00000  0.000000 -13.5024  0.00000 SN240308T96344H1
TP4M    0.14183  0.000  11.9233  0.00000  0.000000 -11.9233  0.00000 SN18250500034752
TP5M    0.14266  0.000  13.9839  0.00000  0.000000 -13.9839  0.00000 SN240308T96383S1
TIME 10:36:40  DATE 20-Mar-2025
TP1M    0.13456  0.000  13.1716  0.00000  0.000000 -13.1716  0.00000 SN240308T96344H2
TP2M    0.11114  0.000  11.9936  0.00000  0.000000 -11.9936  0.00000 SN19195
TP3M    0.13652  0.000  13.4688  0.00000  0.000000 -13.4688  0.00000 SN240308T96344H1
TP4M    0.14145  0.000  11.8829  0.00000  0.000000 -11.8829  0.00000 SN18250500034752
TP5M    0.14231  0.000  13.9486  0.00000  0.000000 -13.9486  0.00000 SN240308T96383S1
TIME 10:37:00  DATE 20-Mar-2025
TP1M    0.13433  0.000  13.1485  0.00000  0.000000 -13.1485  0.00000 SN240308T96344H2
TP2M    0.11088  0.000  11.9668  0.00000  0.000000 -11.9668  0.00000 SN19195
TP3M    0.13621  0.000  13.4375  0.00000  0.000000 -13.4375  0.00000 SN240308T96344H1
TP4M    0.14117  0.000  11.8537  0.00000  0.000000 -11.8537  0.00000 SN18250500034752
TP5M    0.14203  0.000  13.9204  0.00000  0.000000 -13.9204  0.00000 SN240308T96383S1
TIME 10:37:20  DATE 20-Mar-2025
TP1M    0.13406  0.000  13.1214  0.00000  0.000000 -13.1214  0.00000 SN240308T96344H2
TP2M    0.11063  0.000  11.9394  0.00000  0.000000 -11.9394  0.00000 SN19195
TP3M    0.13596  0.000  13.4122  0.00000  0.000000 -13.4122  0.00000 SN240308T96344H1
TP4M    0.14087  0.000  11.8220  0.00000  0.000000 -11.8220  0.00000 SN18250500034752
TP5M    0.14176  0.000  13.8935  0.00000  0.000000 -13.8935  0.00000 SN240308T96383S1
TIME 10:37:40  DATE 20-Mar-2025
TP1M    0.13383  0.000  13.0977  0.00000  0.000000 -13.0977  0.00000 SN240308T96344H2
TP2M    0.11035  0.000  11.9106  0.00000  0.000000 -11.9106  0.00000 SN19195
TP3M    0.13576  0.000  13.3920  0.00000  0.000000 -13.3920  0.00000 SN240308T96344H1
TP4M    0.14083  0.000  11.8178  0.00000  0.000000 -11.8178  0.00000 SN18250500034752
TP5M    0.14154  0.000  13.8718  0.00000  0.000000 -13.8718  0.00000 SN240308T96383S1
TIME 10:38:00  DATE 20-Mar-2025
TP1M    0.13365  0.000  13.0796  0.00000  0.000000 -13.0796  0.00000 SN240308T96344H2
TP2M    0.11014  0.000  11.8885  0.00000  0.000000 -11.8885  0.00000 SN19195
TP3M    0.13547  0.000  13.3627  0.00000  0.000000 -13.3627  0.00000 SN240308T96344H1
TP4M    0.14079  0.000  11.8132  0.00000  0.000000 -11.8132  0.00000 SN18250500034752
TP5M    0.14131  0.000  13.8485  0.00000  0.000000 -13.8485  0.00000 SN240308T96383S1
TIME 10:38:20  DATE 20-Mar-2025
TP1M    0.13329  0.000  13.0440  0.00000  0.000000 -13.0440  0.00000 SN240308T96344H2
TP2M    0.10993  0.000  11.8655  0.00000  0.000000 -11.8655  0.00000 SN19195
TP3M    0.13523  0.000  13.3389  0.00000  0.000000 -13.3389  0.00000 SN240308T96344H1
TP4M    0.14060  0.000  11.7927  0.00000  0.000000 -11.7927  0.00000 SN18250500034752
TP5M    0.14104  0.000  13.8213  0.00000  0.000000 -13.8213  0.00000 SN240308T96383S1
TIME 10:38:40  DATE 20-Mar-2025
TP1M    0.13310  0.000  13.0250  0.00000  0.000000 -13.0250  0.00000 SN240308T96344H2
TP2M    0.10969  0.000  11.8401  0.00000  0.000000 -11.8401  0.00000 SN19195
TP3M    0.13499  0.000  13.3145  0.00000  0.000000 -13.3145  0.00000 SN240308T96344H1
TP4M    0.14046  0.000  11.7783  0.00000  0.000000 -11.7783  0.00000 SN18250500034752
TP5M    0.14081  0.000  13.7982  0.00000  0.000000 -13.7982  0.00000 SN240308T96383S1
TIME 10:39:00  DATE 20-Mar-2025
TP1M    0.13276  0.000  12.9907  0.00000  0.000000 -12.9907  0.00000 SN240308T96344H2
TP2M    0.10952  0.000  11.8226  0.00000  0.000000 -11.8226  0.00000 SN19195
TP3M    0.13482  0.000  13.2978  0.00000  0.000000 -13.2978  0.00000 SN240308T96344H1
TP4M    0.14020  0.000  11.7506  0.00000  0.000000 -11.7506  0.00000 SN18250500034752
TP5M    0.14059  0.000  13.7763  0.00000  0.000000 -13.7763  0.00000 SN240308T96383S1
TIME 10:39:20  DATE 20-Mar-2025
TP1M    0.13257  0.000  12.9711  0.00000  0.000000 -12.9711  0.00000 SN240308T96344H2
TP2M    0.10923  0.000  11.7920  0.00000  0.000000 -11.7920  0.00000 SN19195
TP3M    0.13460  0.000  13.2753  0.00000  0.000000 -13.2753  0.00000 SN240308T96344H1
TP4M    0.13992  0.000  11.7209  0.00000  0.000000 -11.7209  0.00000 SN18250500034752
TP5M    0.14034  0.000  13.7507  0.00000  0.000000 -13.7507  0.00000 SN240308T96383S1
TIME 10:39:40  DATE 20-Mar-2025
TP1M    0.13231  0.000  12.9452  0.00000  0.000000 -12.9452  0.00000 SN240308T96344H2
TP2M    0.10902  0.000  11.7698  0.00000  0.000000 -11.7698  0.00000 SN19195
TP3M    0.13438  0.000  13.2526  0.00000  0.000000 -13.2526  0.00000 SN240308T96344H1
TP4M    0.13969  0.000  11.6965  0.00000  0.000000 -11.6965  0.00000 SN18250500034752
TP5M    0.14013  0.000  13.7298  0.00000  0.000000 -13.7298  0.00000 SN240308T96383S1
TIME 10:40:00  DATE 20-Mar-2025
TP1M    0.13212  0.000  12.9265  0.00000  0.000000 -12.9265  0.00000 SN240308T96344H2
TP2M    0.10876  0.000  11.7417  0.00000  0.000000 -11.7417  0.00000 SN19195
TP3M    0.13409  0.000  13.2235  0.00000  0.000000 -13.2235  0.00000 SN240308T96344H1
TP4M    0.13939  0.000  11.6650  0.00000  0.000000 -11.6650  0.00000 SN18250500034752
TP5M    0.13986  0.000  13.7033  0.00000  0.000000 -13.7033  0.00000 SN240308T96383S1
TIME 10:40:20  DATE 20-Mar-2025
TP1M    0.13178  0.000  12.8923  0.00000  0.000000 -12.8923  0.00000 SN240308T96344H2
TP2M    0.10854  0.000  11.7184  0.00000  0.000000 -11.7184  0.00000 SN19195
TP3M    0.13381  0.000  13.1953  0.00000  0.000000 -13.1953  0.00000 SN240308T96344H1
TP4M    0.13909  0.000  11.6330  0.00000  0.000000 -11.6330  0.00000 SN18250500034752
TP5M    0.13961  0.000  13.6775  0.00000  0.000000 -13.6775  0.00000 SN240308T96383S1
TIME 10:40:40  DATE 20-Mar-2025
TP1M    0.13144  0.000  12.8588  0.00000  0.000000 -12.8588  0.00000 SN240308T96344H2
TP2M    0.10828  0.000  11.6910  0.00000  0.000000 -11.6910  0.00000 SN19195
TP3M    0.13359  0.000  13.1733  0.00000  0.000000 -13.1733  0.00000 SN240308T96344H1
TP4M    0.13888  0.000  11.6105  0.00000  0.000000 -11.6105  0.00000 SN18250500034752
TP5M    0.13933  0.000  13.6498  0.00000  0.000000 -13.6498  0.00000 SN240308T96383S1
TIME 10:41:00  DATE 20-Mar-2025
TP1M    0.13113  0.000  12.8271  0.00000  0.000000 -12.8271  0.00000 SN240308T96344H2
TP2M    0.10794  0.000  11.6544  0.00000  0.000000 -11.6544  0.00000 SN19195
TP3M    0.13325  0.000  13.1391  0.00000  0.000000 -13.1391  0.00000 SN240308T96344H1
TP4M    0.13886  0.000  11.6081  0.00000  0.000000 -11.6081  0.00000 SN18250500034752
TP5M    0.13903  0.000  13.6195  0.00000  0.000000 -13.6195  0.00000 SN240308T96383S1
TIME 10:41:20  DATE 20-Mar-2025
TP1M    0.13097  0.000  12.8108  0.00000  0.000000 -12.8108  0.00000 SN240308T96344H2
TP2M    0.10767  0.000  11.6263  0.00000  0.000000 -11.6263  0.00000 SN19195
TP3M    0.13298  0.000  13.1121  0.00000  0.000000 -13.1121  0.00000 SN240308T96344H1
TP4M    0.13880  0.000  11.6017  0.00000  0.000000 -11.6017  0.00000 SN18250500034752
TP5M    0.13883  0.000  13.5993  0.00000  0.000000 -13.5993  0.00000 SN240308T96383S1
TIME 10:41:40  DATE 20-Mar-2025
TP1M    0.13029  0.000  12.7427  0.00000  0.000000 -12.7427  0.00000 SN240308T96344H2
TP2M    0.10697  0.000  11.5519  0.00000  0.000000 -11.5519  0.00000 SN19195
TP3M    0.13218  0.000  13.0314  0.00000  0.000000 -13.0314  0.00000 SN240308T96344H1
TP4M    0.13813  0.000  11.5311  0.00000  0.000000 -11.5311  0.00000 SN18250500034752
TP5M    0.13811  0.000  13.5274  0.00000  0.000000 -13.5274  0.00000 SN240308T96383S1
TIME 10:42:00  DATE 20-Mar-2025
TP1M    0.12886  0.000  12.5996  0.00000  0.000000 -12.5996  0.00000 SN240308T96344H2
TP2M    0.10561  0.000  11.4079  0.00000  0.000000 -11.4079  0.00000 SN19195
TP3M    0.13082  0.000  12.8940  0.00000  0.000000 -12.8940  0.00000 SN240308T96344H1
TP4M    0.13660  0.000  11.3683  0.00000  0.000000 -11.3683  0.00000 SN18250500034752
TP5M    0.13678  0.000  13.3934  0.00000  0.000000 -13.3934  0.00000 SN240308T96383S1
TIME 10:42:20  DATE 20-Mar-2025
TP1M    0.12762  0.000  12.4750  0.00000  0.000000 -12.4750  0.00000 SN240308T96344H2
TP2M    0.10434  0.000  11.2731  0.00000  0.000000 -11.2731  0.00000 SN19195
TP3M    0.12962  0.000  12.7727  0.00000  0.000000 -12.7727  0.00000 SN240308T96344H1
TP4M    0.13509  0.000  11.2084  0.00000  0.000000 -11.2084  0.00000 SN18250500034752
TP5M    0.13545  0.000  13.2601  0.00000  0.000000 -13.2601  0.00000 SN240308T96383S1
TIME 10:42:40  DATE 20-Mar-2025
TP1M    0.12709  0.000  12.4222  0.00000  0.000000 -12.4222  0.00000 SN240308T96344H2
TP2M    0.10380  0.000  11.2155  0.00000  0.000000 -11.2155  0.00000 SN19195
TP3M    0.12901  0.000  12.7113  0.00000  0.000000 -12.7113  0.00000 SN240308T96344H1
TP4M    0.13453  0.000  11.1486  0.00000  0.000000 -11.1486  0.00000 SN18250500034752
TP5M    0.13489  0.000  13.2042  0.00000  0.000000 -13.2042  0.00000 SN240308T96383S1
TIME 10:43:00  DATE 20-Mar-2025
TP1M    0.12698  0.000  12.4112  0.00000  0.000000 -12.4112  0.00000 SN240308T96344H2
TP2M    0.10365  0.000  11.1996  0.00000  0.000000 -11.1996  0.00000 SN19195
TP3M    0.12885  0.000  12.6952  0.00000  0.000000 -12.6952  0.00000 SN240308T96344H1
TP4M    0.13445  0.000  11.1407  0.00000  0.000000 -11.1407  0.00000 SN18250500034752
TP5M    0.13482  0.000  13.1971  0.00000  0.000000 -13.1971  0.00000 SN240308T96383S1
TIME 10:43:20  DATE 20-Mar-2025
TP1M    0.12674  0.000  12.3871  0.00000  0.000000 -12.3871  0.00000 SN240308T96344H2
TP2M    0.10362  0.000  11.1964  0.00000  0.000000 -11.1964  0.00000 SN19195
TP3M    0.12862  0.000  12.6726  0.00000  0.000000 -12.6726  0.00000 SN240308T96344H1
TP4M    0.13459  0.000  11.1557  0.00000  0.000000 -11.1557  0.00000 SN18250500034752
TP5M    0.13465  0.000  13.1799  0.00000  0.000000 -13.1799  0.00000 SN240308T96383S1
TIME 10:43:40  DATE 20-Mar-2025
TP1M    0.12658  0.000  12.3706  0.00000  0.000000 -12.3706  0.00000 SN240308T96344H2
TP2M    0.10351  0.000  11.1851  0.00000  0.000000 -11.1851  0.00000 SN19195
TP3M    0.12846  0.000  12.6561  0.00000  0.000000 -12.6561  0.00000 SN240308T96344H1
TP4M    0.13459  0.000  11.1554  0.00000  0.000000 -11.1554  0.00000 SN18250500034752
TP5M    0.13447  0.000  13.1622  0.00000  0.000000 -13.1622  0.00000 SN240308T96383S1
TIME 10:44:00  DATE 20-Mar-2025
TP1M    0.12638  0.000  12.3509  0.00000  0.000000 -12.3509  0.00000 SN240308T96344H2
TP2M    0.10337  0.000  11.1705  0.00000  0.000000 -11.1705  0.00000 SN19195
TP3M    0.12828  0.000  12.6380  0.00000  0.000000 -12.6380  0.00000 SN240308T96344H1
TP4M    0.13441  0.000  11.1359  0.00000  0.000000 -11.1359  0.00000 SN18250500034752
TP5M    0.13425  0.000  13.1405  0.00000  0.000000 -13.1405  0.00000 SN240308T96383S1
TIME 10:44:20  DATE 20-Mar-2025
TP1M    0.12631  0.000  12.3437  0.00000  0.000000 -12.3437  0.00000 SN240308T96344H2
TP2M    0.10318  0.000  11.1498  0.00000  0.000000 -11.1498  0.00000 SN19195
TP3M    0.12823  0.000  12.6326  0.00000  0.000000 -12.6326  0.00000 SN240308T96344H1
TP4M    0.13422  0.000  11.1157  0.00000  0.000000 -11.1157  0.00000 SN18250500034752
TP5M    0.13414  0.000  13.1288  0.00000  0.000000 -13.1288  0.00000 SN240308T96383S1
TIME 10:44:40  DATE 20-Mar-2025
TP1M    0.12600  0.000  12.3131  0.00000  0.000000 -12.3131  0.00000 SN240308T96344H2
TP2M    0.10307  0.000  11.1385  0.00000  0.000000 -11.1385  0.00000 SN19195
TP3M    0.12797  0.000  12.6066  0.00000  0.000000 -12.6066  0.00000 SN240308T96344H1
TP4M    0.13412  0.000  11.1055  0.00000  0.000000 -11.1055  0.00000 SN18250500034752
TP5M    0.13393  0.000  13.1077  0.00000  0.000000 -13.1077  0.00000 SN240308T96383S1
TIME 10:45:00  DATE 20-Mar-2025
TP1M    0.12588  0.000  12.3009  0.00000  0.000000 -12.3009  0.00000 SN240308T96344H2
TP2M    0.10290  0.000  11.1210  0.00000  0.000000 -11.1210  0.00000 SN19195
TP3M    0.12789  0.000  12.5982  0.00000  0.000000 -12.5982  0.00000 SN240308T96344H1
TP4M    0.13410  0.000  11.1035  0.00000  0.000000 -11.1035  0.00000 SN18250500034752
TP5M    0.13383  0.000  13.0978  0.00000  0.000000 -13.0978  0.00000 SN240308T96383S1
TIME 10:45:20  DATE 20-Mar-2025
TP1M    0.12570  0.000  12.2827  0.00000  0.000000 -12.2827  0.00000 SN240308T96344H2
TP2M    0.10284  0.000  11.1139  0.00000  0.000000 -11.1139  0.00000 SN19195
TP3M    0.12768  0.000  12.5770  0.00000  0.000000 -12.5770  0.00000 SN240308T96344H1
TP4M    0.13399  0.000  11.0921  0.00000  0.000000 -11.0921  0.00000 SN18250500034752
TP5M    0.13363  0.000  13.0785  0.00000  0.000000 -13.0785  0.00000 SN240308T96383S1
TIME 10:45:40  DATE 20-Mar-2025
TP1M    0.12566  0.000  12.2781  0.00000  0.000000 -12.2781  0.00000 SN240308T96344H2
TP2M    0.10274  0.000  11.1038  0.00000  0.000000 -11.1038  0.00000 SN19195
TP3M    0.12760  0.000  12.5691  0.00000  0.000000 -12.5691  0.00000 SN240308T96344H1
TP4M    0.13373  0.000  11.0636  0.00000  0.000000 -11.0636  0.00000 SN18250500034752
TP5M    0.13353  0.000  13.0681  0.00000  0.000000 -13.0681  0.00000 SN240308T96383S1
TIME 10:46:00  DATE 20-Mar-2025
TP1M    0.12550  0.000  12.2626  0.00000  0.000000 -12.2626  0.00000 SN240308T96344H2
TP2M    0.10266  0.000  11.0948  0.00000  0.000000 -11.0948  0.00000 SN19195
TP3M    0.12742  0.000  12.5507  0.00000  0.000000 -12.5507  0.00000 SN240308T96344H1
TP4M    0.13343  0.000  11.0323  0.00000  0.000000 -11.0323  0.00000 SN18250500034752
TP5M    0.13338  0.000  13.0524  0.00000  0.000000 -13.0524  0.00000 SN240308T96383S1
TIME 10:46:20  DATE 20-Mar-2025
TP1M    0.12545  0.000  12.2572  0.00000  0.000000 -12.2572  0.00000 SN240308T96344H2
TP2M    0.10242  0.000  11.0697  0.00000  0.000000 -11.0697  0.00000 SN19195
TP3M    0.12731  0.000  12.5403  0.00000  0.000000 -12.5403  0.00000 SN240308T96344H1
TP4M    0.13316  0.000  11.0031  0.00000  0.000000 -11.0031  0.00000 SN18250500034752
TP5M    0.13324  0.000  13.0385  0.00000  0.000000 -13.0385  0.00000 SN240308T96383S1
TIME 10:46:40  DATE 20-Mar-2025
TP1M    0.12528  0.000  12.2404  0.00000  0.000000 -12.2404  0.00000 SN240308T96344H2
TP2M    0.10219  0.000  11.0448  0.00000  0.000000 -11.0448  0.00000 SN19195
TP3M    0.12717  0.000  12.5257  0.00000  0.000000 -12.5257  0.00000 SN240308T96344H1
TP4M    0.13299  0.000  10.9854  0.00000  0.000000 -10.9854  0.00000 SN18250500034752
TP5M    0.13300  0.000  13.0143  0.00000  0.000000 -13.0143  0.00000 SN240308T96383S1
TIME 10:47:00  DATE 20-Mar-2025
TP1M    0.12511  0.000  12.2235  0.00000  0.000000 -12.2235  0.00000 SN240308T96344H2
TP2M    0.10201  0.000  11.0256  0.00000  0.000000 -11.0256  0.00000 SN19195
TP3M    0.12702  0.000  12.5107  0.00000  0.000000 -12.5107  0.00000 SN240308T96344H1
TP4M    0.13312  0.000  10.9994  0.00000  0.000000 -10.9994  0.00000 SN18250500034752
TP5M    0.13288  0.000  13.0031  0.00000  0.000000 -13.0031  0.00000 SN240308T96383S1
TIME 10:47:20  DATE 20-Mar-2025
TP1M    0.12479  0.000  12.1917  0.00000  0.000000 -12.1917  0.00000 SN240308T96344H2
TP2M    0.10186  0.000  11.0097  0.00000  0.000000 -11.0097  0.00000 SN19195
TP3M    0.12673  0.000  12.4811  0.00000  0.000000 -12.4811  0.00000 SN240308T96344H1
TP4M    0.13315  0.000  11.0024  0.00000  0.000000 -11.0024  0.00000 SN18250500034752
TP5M    0.13277  0.000  12.9914  0.00000  0.000000 -12.9914  0.00000 SN240308T96383S1
TIME 10:47:40  DATE 20-Mar-2025
TP1M    0.12466  0.000  12.1780  0.00000  0.000000 -12.1780  0.00000 SN240308T96344H2
TP2M    0.10179  0.000  11.0026  0.00000  0.000000 -11.0026  0.00000 SN19195
TP3M    0.12662  0.000  12.4709  0.00000  0.000000 -12.4709  0.00000 SN240308T96344H1
TP4M    0.13317  0.000  11.0051  0.00000  0.000000 -11.0051  0.00000 SN18250500034752
TP5M    0.13260  0.000  12.9742  0.00000  0.000000 -12.9742  0.00000 SN240308T96383S1
TIME 10:48:00  DATE 20-Mar-2025
TP1M    0.12454  0.000  12.1667  0.00000  0.000000 -12.1667  0.00000 SN240308T96344H2
TP2M    0.10167  0.000  10.9902  0.00000  0.000000 -10.9902  0.00000 SN19195
TP3M    0.12644  0.000  12.4526  0.00000  0.000000 -12.4526  0.00000 SN240308T96344H1
TP4M    0.13316  0.000  11.0033  0.00000  0.000000 -11.0033  0.00000 SN18250500034752
TP5M    0.13242  0.000  12.9569  0.00000  0.000000 -12.9569  0.00000 SN240308T96383S1
TIME 10:48:20  DATE 20-Mar-2025
TP1M    0.12445  0.000  12.1573  0.00000  0.000000 -12.1573  0.00000 SN240308T96344H2
TP2M    0.10158  0.000  10.9810  0.00000  0.000000 -10.9810  0.00000 SN19195
TP3M    0.12638  0.000  12.4463  0.00000  0.000000 -12.4463  0.00000 SN240308T96344H1
TP4M    0.13302  0.000  10.9890  0.00000  0.000000 -10.9890  0.00000 SN18250500034752
TP5M    0.13221  0.000  12.9360  0.00000  0.000000 -12.9360  0.00000 SN240308T96383S1
TIME 10:48:40  DATE 20-Mar-2025
TP1M    0.12433  0.000  12.1456  0.00000  0.000000 -12.1456  0.00000 SN240308T96344H2
TP2M    0.10144  0.000  10.9655  0.00000  0.000000 -10.9655  0.00000 SN19195
TP3M    0.12614  0.000  12.4218  0.00000  0.000000 -12.4218  0.00000 SN240308T96344H1
TP4M    0.13299  0.000  10.9856  0.00000  0.000000 -10.9856  0.00000 SN18250500034752
TP5M    0.13204  0.000  12.9188  0.00000  0.000000 -12.9188  0.00000 SN240308T96383S1
TIME 10:49:00  DATE 20-Mar-2025
TP1M    0.12422  0.000  12.1346  0.00000  0.000000 -12.1346  0.00000 SN240308T96344H2
TP2M    0.10132  0.000  10.9528  0.00000  0.000000 -10.9528  0.00000 SN19195
TP3M    0.12596  0.000  12.4041  0.00000  0.000000 -12.4041  0.00000 SN240308T96344H1
TP4M    0.13284  0.000  10.9695  0.00000  0.000000 -10.9695  0.00000 SN18250500034752
TP5M    0.13191  0.000  12.9053  0.00000  0.000000 -12.9053  0.00000 SN240308T96383S1
TIME 10:49:20  DATE 20-Mar-2025
TP1M    0.12397  0.000  12.1092  0.00000  0.000000 -12.1092  0.00000 SN240308T96344H2
TP2M    0.10118  0.000  10.9379  0.00000  0.000000 -10.9379  0.00000 SN19195
TP3M    0.12581  0.000  12.3883  0.00000  0.000000 -12.3883  0.00000 SN240308T96344H1
TP4M    0.13268  0.000  10.9529  0.00000  0.000000 -10.9529  0.00000 SN18250500034752
TP5M    0.13184  0.000  12.8988  0.00000  0.000000 -12.8988  0.00000 SN240308T96383S1
TIME 10:49:40  DATE 20-Mar-2025
TP1M    0.12382  0.000  12.0946  0.00000  0.000000 -12.0946  0.00000 SN240308T96344H2
TP2M    0.10102  0.000  10.9215  0.00000  0.000000 -10.9215  0.00000 SN19195
TP3M    0.12562  0.000  12.3699  0.00000  0.000000 -12.3699  0.00000 SN240308T96344H1
TP4M    0.13246  0.000  10.9292  0.00000  0.000000 -10.9292  0.00000 SN18250500034752
TP5M    0.13172  0.000  12.8861  0.00000  0.000000 -12.8861  0.00000 SN240308T96383S1
TIME 10:50:00  DATE 20-Mar-2025
TP1M    0.12357  0.000  12.0695  0.00000  0.000000 -12.0695  0.00000 SN240308T96344H2
